[gd_scene load_steps=10 format=3 uid="uid://rk5fcw6h6i8e"]

[ext_resource type="PackedScene" uid="uid://drp581c36yf14" path="res://assets/2025 reefscape field.glb" id="1_6pmjc"]
[ext_resource type="PackedScene" uid="uid://cfsyoe4u7liwp" path="res://scenes/gamepieces/coral.tscn" id="2_ttalb"]
[ext_resource type="PackedScene" uid="uid://bu548vr6s7a36" path="res://scenes/field/reefBranch.tscn" id="3_lptdg"]

[sub_resource type="BoxShape3D" id="BoxShape3D_6pmjc"]
size = Vector3(19, 0.5, 9)

[sub_resource type="BoxShape3D" id="BoxShape3D_ttalb"]
size = Vector3(0.1, 2, 5.5)

[sub_resource type="BoxShape3D" id="BoxShape3D_lptdg"]
size = Vector3(0.3, 0.5, 14.3)

[sub_resource type="BoxShape3D" id="BoxShape3D_7156t"]
size = Vector3(0.1, 1.9, 2.2)

[sub_resource type="BoxShape3D" id="BoxShape3D_pn4dk"]
size = Vector3(0.05, 0.5, 0.95)

[sub_resource type="BoxShape3D" id="BoxShape3D_wnvii"]
size = Vector3(0.3, 2, 0.3)

[node name="Field" type="StaticBody3D"]

[node name="2025 reefscape field" parent="." instance=ExtResource("1_6pmjc")]
transform = Transform3D(1, 0, 0, 0, -4.37114e-08, 1, 0, -1, -4.37114e-08, 0, 0, 2.6077e-07)

[node name="Field" type="CollisionShape3D" parent="."]
transform = Transform3D(1, 0, 0, 0, 1, 0, 0, 0, 1, 0, -0.25, -5.96046e-08)
shape = SubResource("BoxShape3D_6pmjc")

[node name="Game PIeces" type="Node" parent="."]

[node name="Red Coral 1" parent="Game PIeces" instance=ExtResource("2_ttalb")]
transform = Transform3D(1, 0, 0, 0, 1, 0, 0, 0, 1, 7.555, 0, -1.829)

[node name="Red Coral 2" parent="Game PIeces" instance=ExtResource("2_ttalb")]
transform = Transform3D(1, 0, 0, 0, 1, 0, 0, 0, 1, 7.555, 0, 0)

[node name="Red Coral 3" parent="Game PIeces" instance=ExtResource("2_ttalb")]
transform = Transform3D(1, 0, 0, 0, 1, 0, 0, 0, 1, 7.555, 0, 1.829)

[node name="Blue Coral 3" parent="Game PIeces" instance=ExtResource("2_ttalb")]
transform = Transform3D(1, 0, 0, 0, 1, 0, 0, 0, 1, -7.555, 0, -1.829)

[node name="Blue Coral 2" parent="Game PIeces" instance=ExtResource("2_ttalb")]
transform = Transform3D(1, 0, 0, 0, 1, 0, 0, 0, 1, -7.555, 0, 0)

[node name="Blue Coral 1" parent="Game PIeces" instance=ExtResource("2_ttalb")]
transform = Transform3D(1, 0, 0, 0, 1, 0, 0, 0, 1, -7.555, 0, 1.829)

[node name="Red Alliance DS" type="CollisionShape3D" parent="."]
transform = Transform3D(1, 0, 0, 0, 1, 0, 0, 0, 1, 8.8, 1.0024, 0)
shape = SubResource("BoxShape3D_ttalb")

[node name="Blue Alliance DS" type="CollisionShape3D" parent="."]
transform = Transform3D(1, 0, 0, 0, 1, 0, 0, 0, 1, -8.8, 1.0024, 0)
shape = SubResource("BoxShape3D_ttalb")

[node name="Side Glass Side 1" type="CollisionShape3D" parent="."]
transform = Transform3D(-4.37114e-08, 0, -1, 0, 1, 0, 1, 0, -4.37114e-08, -2.03352e-07, 0.252398, 4.15)
shape = SubResource("BoxShape3D_lptdg")

[node name="Side Glass Side 2" type="CollisionShape3D" parent="."]
transform = Transform3D(-4.37114e-08, 0, -1, 0, 1, 0, 1, 0, -4.37114e-08, -2.01166e-07, 0.252398, -4.1)
shape = SubResource("BoxShape3D_lptdg")

[node name="HPI Red Side 1" type="CollisionShape3D" parent="."]
transform = Transform3D(-0.587785, 0, -0.809017, 0, 1, 0, 0.809017, 0, -0.587785, -7.98123, 0.702397, 3.43885)
shape = SubResource("BoxShape3D_7156t")

[node name="HPI Red Side 2" type="CollisionShape3D" parent="."]
transform = Transform3D(-0.587785, 0, 0.809017, 0, 1, 0, -0.809017, 0, -0.587785, -7.98123, 0.702397, -3.36115)
shape = SubResource("BoxShape3D_7156t")

[node name="HPI Blue Side 1" type="CollisionShape3D" parent="."]
transform = Transform3D(-0.587785, 0, 0.809017, 0, 1, 0, -0.809017, 0, -0.587785, 7.91877, 0.702397, 3.43885)
shape = SubResource("BoxShape3D_7156t")

[node name="HPI Blue Side 2" type="CollisionShape3D" parent="."]
transform = Transform3D(-0.587785, 0, -0.809017, 0, 1, 0, 0.809017, 0, -0.587785, 8.01877, 0.702397, -3.36115)
shape = SubResource("BoxShape3D_7156t")

[node name="Reef Walls" type="Node" parent="."]

[node name="Red Reef - ID 6" type="CollisionShape3D" parent="."]
transform = Transform3D(0.5, 0, -0.866025, 0, 1, 0, 0.866025, 0, 0.5, 4.69375, 0.2, 0.703645)
shape = SubResource("BoxShape3D_pn4dk")

[node name="Red Reef - ID 7" type="CollisionShape3D" parent="."]
transform = Transform3D(1, 0, 0, 0, 1, 0, 0, 0, 1, 5.1, 0.2, 0)
shape = SubResource("BoxShape3D_pn4dk")

[node name="Red Reef - ID 8" type="CollisionShape3D" parent="."]
transform = Transform3D(0.5, 0, 0.866025, 0, 1, 0, -0.866025, 0, 0.5, 4.69375, 0.2, -0.703646)
shape = SubResource("BoxShape3D_pn4dk")

[node name="Red Reef - ID 9" type="CollisionShape3D" parent="."]
transform = Transform3D(0.5, 0, -0.866025, 0, 1, 0, 0.866025, 0, 0.5, 3.88125, 0.2, -0.703646)
shape = SubResource("BoxShape3D_pn4dk")

[node name="Red Reef - ID 10" type="CollisionShape3D" parent="."]
transform = Transform3D(1, 0, 0, 0, 1, 0, 0, 0, 1, 3.475, 0.2, 0)
shape = SubResource("BoxShape3D_pn4dk")

[node name="Red Reef - ID 11" type="CollisionShape3D" parent="."]
transform = Transform3D(0.5, 0, 0.866025, 0, 1, 0, -0.866025, 0, 0.5, 3.88125, 0.2, 0.703646)
shape = SubResource("BoxShape3D_pn4dk")

[node name="Blue Reef - ID 17" type="CollisionShape3D" parent="."]
transform = Transform3D(0.5, 0, 0.866025, 0, 1, 0, -0.866025, 0, 0.5, -4.69375, 0.2, 0.703646)
shape = SubResource("BoxShape3D_pn4dk")

[node name="Blue Reef - ID 18" type="CollisionShape3D" parent="."]
transform = Transform3D(1, 0, 0, 0, 1, 0, 0, 0, 1, -5.1, 0.2, 0)
shape = SubResource("BoxShape3D_pn4dk")

[node name="Blue Reef - ID 19" type="CollisionShape3D" parent="."]
transform = Transform3D(0.5, 0, -0.866025, 0, 1, 0, 0.866025, 0, 0.5, -4.69375, 0.2, -0.703646)
shape = SubResource("BoxShape3D_pn4dk")

[node name="Blue Reef - ID 20" type="CollisionShape3D" parent="."]
transform = Transform3D(0.5, 0, 0.866025, 0, 1, 0, -0.866025, 0, 0.5, -3.88125, 0.2, -0.703646)
shape = SubResource("BoxShape3D_pn4dk")

[node name="Blue Reef - ID 21" type="CollisionShape3D" parent="."]
transform = Transform3D(1, 0, 0, 0, 1, 0, 0, 0, 1, -3.475, 0.2, 0)
shape = SubResource("BoxShape3D_pn4dk")

[node name="Blue Reef - ID 22" type="CollisionShape3D" parent="."]
transform = Transform3D(0.5, 0, -0.866025, 0, 1, 0, 0.866025, 0, 0.5, -3.88125, 0.2, 0.703645)
shape = SubResource("BoxShape3D_pn4dk")

[node name="Barge" type="Node" parent="."]

[node name="Barge Support Middle" type="CollisionShape3D" parent="."]
transform = Transform3D(1, 0, 0, 0, 1, 0, 0, 0, 1, 0, 0.85, 0)
shape = SubResource("BoxShape3D_wnvii")

[node name="Barge Support Red" type="CollisionShape3D" parent="."]
transform = Transform3D(1, 0, 0, 0, 1, 0, 0, 0, 1, 0, 0.9, 4.3)
shape = SubResource("BoxShape3D_wnvii")

[node name="Barge Support Blue" type="CollisionShape3D" parent="."]
transform = Transform3D(1, 0, 0, 0, 1, 0, 0, 0, 1, 0, 0.9, -4.3)
shape = SubResource("BoxShape3D_wnvii")

[node name="Red Reef Branches" type="Node" parent="."]

[node name="Red Reef A" parent="Red Reef Branches" instance=ExtResource("3_lptdg")]
transform = Transform3D(1, 0, 0, 0, 1, 0, 0, 0, 1, 4.81, 0.019, 0.164)

[node name="Red Reef B" parent="Red Reef Branches" instance=ExtResource("3_lptdg")]
transform = Transform3D(1, 0, 0, 0, 1, 0, 0, 0, 1, 4.81, 0.019, -0.164)

[node name="Red Reef C" parent="Red Reef Branches" instance=ExtResource("3_lptdg")]
transform = Transform3D(0.5, 0, 0.866025, 0, 1, 0, -0.866025, 0, 0.5, 4.68903, 0.019, -0.373529)

[node name="Red Reef D" parent="Red Reef Branches" instance=ExtResource("3_lptdg")]
transform = Transform3D(0.5, 0, 0.866025, 0, 1, 0, -0.866025, 0, 0.5, 4.40497, 0.019, -0.537529)

[node name="Red Reef E" parent="Red Reef Branches" instance=ExtResource("3_lptdg")]
transform = Transform3D(-0.5, 0, 0.866025, 0, 1, 0, -0.866025, 0, -0.5, 4.16303, 0.019, -0.537529)

[node name="Red Reef F" parent="Red Reef Branches" instance=ExtResource("3_lptdg")]
transform = Transform3D(-0.5, 0, 0.866025, 0, 1, 0, -0.866025, 0, -0.5, 3.87897, 0.019, -0.373529)

[node name="Red Reef G" parent="Red Reef Branches" instance=ExtResource("3_lptdg")]
transform = Transform3D(-1, 0, -8.74228e-08, 0, 1, 0, 8.74228e-08, 0, -1, 3.758, 0.019, -0.164)

[node name="Red Reef H" parent="Red Reef Branches" instance=ExtResource("3_lptdg")]
transform = Transform3D(-1, 0, -8.74228e-08, 0, 1, 0, 8.74228e-08, 0, -1, 3.758, 0.019, 0.164)

[node name="Red Reef I" parent="Red Reef Branches" instance=ExtResource("3_lptdg")]
transform = Transform3D(-0.5, 0, -0.866025, 0, 1, 0, 0.866025, 0, -0.5, 3.87897, 0.019, 0.373529)

[node name="Red Reef J" parent="Red Reef Branches" instance=ExtResource("3_lptdg")]
transform = Transform3D(-0.5, 0, -0.866025, 0, 1, 0, 0.866025, 0, -0.5, 4.16303, 0.019, 0.53753)

[node name="Red Reef K" parent="Red Reef Branches" instance=ExtResource("3_lptdg")]
transform = Transform3D(0.5, 0, -0.866025, 0, 1, 0, 0.866025, 0, 0.5, 4.40497, 0.019, 0.537529)

[node name="Red Reef L" parent="Red Reef Branches" instance=ExtResource("3_lptdg")]
transform = Transform3D(0.5, 0, -0.866025, 0, 1, 0, 0.866025, 0, 0.5, 4.68903, 0.019, 0.373529)

[node name="Blue Reef Branches" type="Node" parent="."]

[node name="Blue Reef A" parent="Blue Reef Branches" instance=ExtResource("3_lptdg")]
transform = Transform3D(-1, 0, 8.74228e-08, 0, 1, 0, -8.74228e-08, 0, -1, -4.81158, 0.019, -0.164)

[node name="Blue Reef B" parent="Blue Reef Branches" instance=ExtResource("3_lptdg")]
transform = Transform3D(-1, 0, 8.74228e-08, 0, 1, 0, -8.74228e-08, 0, -1, -4.81158, 0.019, 0.164)

[node name="Blue Reef C" parent="Blue Reef Branches" instance=ExtResource("3_lptdg")]
transform = Transform3D(-0.5, 0, -0.866025, 0, 1, 0, 0.866025, 0, -0.5, -4.6906, 0.019, 0.373529)

[node name="Blue Reef D" parent="Blue Reef Branches" instance=ExtResource("3_lptdg")]
transform = Transform3D(-0.5, 0, -0.866025, 0, 1, 0, 0.866025, 0, -0.5, -4.40655, 0.019, 0.537529)

[node name="Blue Reef E" parent="Blue Reef Branches" instance=ExtResource("3_lptdg")]
transform = Transform3D(0.5, 0, -0.866025, 0, 1, 0, 0.866025, 0, 0.5, -4.1646, 0.019, 0.537529)

[node name="Blue Reef F" parent="Blue Reef Branches" instance=ExtResource("3_lptdg")]
transform = Transform3D(0.5, 0, -0.866025, 0, 1, 0, 0.866025, 0, 0.5, -3.88055, 0.019, 0.373529)

[node name="Blue Reef G" parent="Blue Reef Branches" instance=ExtResource("3_lptdg")]
transform = Transform3D(1, 0, 0, 0, 1, 0, 0, 0, 1, -3.75958, 0.019, 0.164)

[node name="Blue Reef H" parent="Blue Reef Branches" instance=ExtResource("3_lptdg")]
transform = Transform3D(1, 0, 0, 0, 1, 0, 0, 0, 1, -3.75958, 0.019, -0.164)

[node name="Blue Reef I" parent="Blue Reef Branches" instance=ExtResource("3_lptdg")]
transform = Transform3D(0.5, 0, 0.866025, 0, 1, 0, -0.866025, 0, 0.5, -3.88055, 0.019, -0.373529)

[node name="Blue Reef J" parent="Blue Reef Branches" instance=ExtResource("3_lptdg")]
transform = Transform3D(0.5, 0, 0.866025, 0, 1, 0, -0.866025, 0, 0.5, -4.1646, 0.019, -0.53753)

[node name="Blue Reef K" parent="Blue Reef Branches" instance=ExtResource("3_lptdg")]
transform = Transform3D(-0.5, 0, 0.866026, 0, 1, 0, -0.866026, 0, -0.5, -4.40655, 0.019, -0.537529)

[node name="Blue Reef L" parent="Blue Reef Branches" instance=ExtResource("3_lptdg")]
transform = Transform3D(-0.5, 0, 0.866026, 0, 1, 0, -0.866026, 0, -0.5, -4.6906, 0.019, -0.373529)
