[gd_scene load_steps=10 format=3 uid="uid://cx2u62i2hp6qu"]

[ext_resource type="PackedScene" uid="uid://rk5fcw6h6i8e" path="res://scenes/field.tscn" id="1_o5qli"]
[ext_resource type="PackedScene" uid="uid://ccfv0baqafufp" path="res://scenes/player.tscn" id="2_tbgi4"]
[ext_resource type="PackedScene" uid="uid://okd0sabswmfq" path="res://scenes/robots/1778/1778Robot.tscn" id="3_tefeu"]
[ext_resource type="PackedScene" uid="uid://br8wsvxgw8856" path="res://scenes/venue.tscn" id="4_o6xl0"]
[ext_resource type="PackedScene" uid="uid://dves5borcvcdt" path="res://scenes/audio.tscn" id="5_tipki"]
[ext_resource type="PackedScene" uid="uid://cfsyoe4u7liwp" path="res://scenes/gamepieces/coral.tscn" id="6_tefeu"]

[sub_resource type="ProceduralSkyMaterial" id="ProceduralSkyMaterial_o6xl0"]
sky_horizon_color = Color(0.662243, 0.671743, 0.686743, 1)
ground_horizon_color = Color(0.662243, 0.671743, 0.686743, 1)

[sub_resource type="Sky" id="Sky_tipki"]
sky_material = SubResource("ProceduralSkyMaterial_o6xl0")

[sub_resource type="Environment" id="Environment_85g3d"]
background_mode = 2
sky = SubResource("Sky_tipki")
tonemap_mode = 2
glow_enabled = true

[node name="Main" type="Node3D"]

[node name="Environment" type="Node" parent="."]

[node name="WorldEnvironment" type="WorldEnvironment" parent="Environment"]
environment = SubResource("Environment_85g3d")

[node name="Sun" type="DirectionalLight3D" parent="Environment"]
transform = Transform3D(-0.866023, -0.500003, -1.21258e-06, 0, -2.47359e-06, 1, -0.500003, 0.866024, 2.11596e-06, 0, 15, 0)
visible = false
shadow_enabled = true

[node name="R" type="DirectionalLight3D" parent="Environment"]
transform = Transform3D(0.59829, 0.544604, -0.587755, -0.309929, 0.833712, 0.457021, 0.738914, -0.0912685, 0.66759, -7.50005, 4.19996, 12.9904)
light_color = Color(1, 0, 0, 1)
shadow_enabled = true

[node name="B" type="DirectionalLight3D" parent="Environment"]
transform = Transform3D(-0.597698, -0.544793, 0.588182, -0.310026, 0.833634, 0.457098, -0.739352, 0.090855, -0.667161, 7.5, 4.2, -12.99)
light_color = Color(0, 0, 1, 1)
shadow_enabled = true

[node name="Field" parent="." instance=ExtResource("1_o5qli")]

[node name="Player" parent="." instance=ExtResource("2_tbgi4")]

[node name="1778Robot" parent="." instance=ExtResource("3_tefeu")]
transform = Transform3D(1, 0, 0, 0, 1, 0, 0, 0, 1, -6.6, 1.2, 1.8)

[node name="Venue" parent="." instance=ExtResource("4_o6xl0")]

[node name="Audio" parent="." instance=ExtResource("5_tipki")]

[node name="Camera3D" type="Camera3D" parent="."]
transform = Transform3D(-4.37114e-08, 0, -1, 0, 1, 0, 1, 0, -4.37114e-08, -9.5, 1.5, 0)

[node name="Node" type="Node" parent="."]

[node name="Coral" parent="Node" instance=ExtResource("6_tefeu")]
transform = Transform3D(1, 0, 0, 0, 1, 0, 0, 0, 1, -7.3, 1.1, 0)

[node name="Coral2" parent="Node" instance=ExtResource("6_tefeu")]
transform = Transform3D(1, 0, 0, 0, 1, 0, 0, 0, 1, -7.3, 1, 0.5)

[node name="Coral3" parent="Node" instance=ExtResource("6_tefeu")]
transform = Transform3D(1, 0, 0, 0, 1, 0, 0, 0, 1, -7.8, 1.2, 0.5)

[node name="Coral4" parent="Node" instance=ExtResource("6_tefeu")]
transform = Transform3D(0.50374, -0.703883, 0.500795, 0.650496, 0.690537, 0.31625, -0.56842, 0.166457, 0.805724, -7.54964, 1.103, 0.370022)

[node name="Coral5" parent="Node" instance=ExtResource("6_tefeu")]
transform = Transform3D(0.50374, -0.703883, 0.500795, 0.650496, 0.690537, 0.31625, -0.56842, 0.166457, 0.805724, -7.22886, 1.19207, 0.756238)

[node name="Coral6" parent="Node" instance=ExtResource("6_tefeu")]
transform = Transform3D(0.50374, -0.703883, 0.500795, 0.650496, 0.690537, 0.31625, -0.56842, 0.166457, 0.805724, -7.6215, 1.00493, 1.07374)

[node name="Coral7" parent="Node" instance=ExtResource("6_tefeu")]
transform = Transform3D(-0.0405492, -0.991912, -0.120277, -0.417781, 0.12618, -0.899743, 0.907643, 0.0137655, -0.419518, -7.40928, 1.91023, 0.90835)

[node name="Coral8" parent="Node" instance=ExtResource("6_tefeu")]
transform = Transform3D(-0.0405492, -0.991912, -0.120277, -0.417781, 0.12618, -0.899743, 0.907643, 0.0137655, -0.419518, -7.37022, 1.44774, 0.697215)

[node name="Coral9" parent="Node" instance=ExtResource("6_tefeu")]
transform = Transform3D(-0.0405492, -0.991912, -0.120277, -0.417781, 0.12618, -0.899743, 0.907643, 0.0137655, -0.419518, -7.54833, 1.68187, 0.246146)

[node name="Coral10" parent="Node" instance=ExtResource("6_tefeu")]
transform = Transform3D(-0.597293, -0.676431, -0.430909, 0.383059, 0.231432, -0.894263, 0.704632, -0.6992, 0.12088, -7.44664, 1.68198, 0.526575)

[node name="Coral11" parent="Node" instance=ExtResource("6_tefeu")]
transform = Transform3D(-0.597293, -0.676431, -0.430909, 0.383059, 0.231432, -0.894263, 0.704632, -0.6992, 0.12088, -7.59445, 1.21171, 0.656936)

[node name="Coral12" parent="Node" instance=ExtResource("6_tefeu")]
transform = Transform3D(-0.597293, -0.676431, -0.430909, 0.383059, 0.231432, -0.894263, 0.704632, -0.6992, 0.12088, -7.43109, 1.06646, 0.164779)
