[gd_scene load_steps=9 format=3 uid="uid://cx2u62i2hp6qu"]

[ext_resource type="PackedScene" uid="uid://rk5fcw6h6i8e" path="res://scenes/field.tscn" id="1_o5qli"]
[ext_resource type="PackedScene" uid="uid://ccfv0baqafufp" path="res://scenes/player.tscn" id="2_tbgi4"]
[ext_resource type="PackedScene" uid="uid://okd0sabswmfq" path="res://scenes/robots/1778/1778Robot.tscn" id="3_tefeu"]
[ext_resource type="PackedScene" uid="uid://br8wsvxgw8856" path="res://scenes/venue.tscn" id="4_o6xl0"]
[ext_resource type="PackedScene" uid="uid://dves5borcvcdt" path="res://scenes/audio.tscn" id="5_tipki"]

[sub_resource type="ProceduralSkyMaterial" id="ProceduralSkyMaterial_o6xl0"]
sky_horizon_color = Color(0.662243, 0.671743, 0.686743, 1)
ground_horizon_color = Color(0.662243, 0.671743, 0.686743, 1)

[sub_resource type="Sky" id="Sky_tipki"]
sky_material = SubResource("ProceduralSkyMaterial_o6xl0")

[sub_resource type="Environment" id="Environment_85g3d"]
background_mode = 2
sky = SubResource("Sky_tipki")
tonemap_mode = 2
glow_enabled = true

[node name="Main" type="Node3D"]

[node name="Environment" type="Node" parent="."]

[node name="WorldEnvironment" type="WorldEnvironment" parent="Environment"]
environment = SubResource("Environment_85g3d")

[node name="Sun" type="DirectionalLight3D" parent="Environment"]
transform = Transform3D(-0.866023, -0.500003, -1.21258e-06, 0, -2.47359e-06, 1, -0.500003, 0.866024, 2.11596e-06, 0, 15, 0)
visible = false
shadow_enabled = true

[node name="R" type="DirectionalLight3D" parent="Environment"]
transform = Transform3D(0.59829, 0.544604, -0.587755, -0.309929, 0.833712, 0.457021, 0.738914, -0.0912685, 0.66759, -7.50005, 4.19996, 12.9904)
light_color = Color(1, 0, 0, 1)
shadow_enabled = true

[node name="B" type="DirectionalLight3D" parent="Environment"]
transform = Transform3D(-0.597698, -0.544793, 0.588182, -0.310026, 0.833634, 0.457098, -0.739352, 0.090855, -0.667161, 7.5, 4.2, -12.99)
light_color = Color(0, 0, 1, 1)
shadow_enabled = true

[node name="Field" parent="." instance=ExtResource("1_o5qli")]

[node name="Player" parent="." instance=ExtResource("2_tbgi4")]

[node name="1778Robot" parent="." instance=ExtResource("3_tefeu")]
transform = Transform3D(1, 0, 0, 0, 1, 0, 0, 0, 1, -6.6, 0, 1.8)

[node name="Venue" parent="." instance=ExtResource("4_o6xl0")]

[node name="Audio" parent="." instance=ExtResource("5_tipki")]
